acc_sum,block,block_c,condition,correct,correct_response,datetime,endtime,flanker,jitter,project,response,response_test_buffer_response,response_test_target_response,response_time,response_time_test_buffer_response,response_time_test_target_response,row_sel,session_number,start_end,starttime,subject_id,target,task,task_vers,time_test_buffer,time_test_buffer_response,time_test_constants,time_test_flanker,time_test_jitter,time_test_logger,time_test_target,time_test_target_response,time_test_variables,trial
0,prac,1,inc,0,m,Fri Apr 04 2025 12:57:56 GMT-0500 (Central Daylight Time),123817.09999999404,cherry,900,I,z,,,1563,,,10,1,3760.89999999851,120056.19999999552,7098,copper,NF,C,,,,,,,,,,1
0,prac,1,inc,0,m,Fri Apr 04 2025 12:57:56 GMT-0500 (Central Daylight Time),126816.5,plum,1100,I,z,,,589,,,16,1,2994.4000000059605,123822.09999999404,7098,lead,NF,C,,,,,,,,,,2
1,prac,1,con,1,z,Fri Apr 04 2025 12:57:56 GMT-0500 (Central Daylight Time),129232.5,banana,800,I,z,,,315,,,1,1,2411.70000000298,126820.79999999702,7098,banana,NF,C,,,,,,,,,,3
1,prac,1,inc,0,z,Fri Apr 04 2025 12:57:56 GMT-0500 (Central Daylight Time),131531.79999999702,copper,900,I,m,,,96,,,2,1,2294.79999999702,129237.0,7098,cherry,NF,C,,,,,,,,,,4
2,prac,1,inc,1,z,Fri Apr 04 2025 12:57:56 GMT-0500 (Central Daylight Time),134580.69999999553,lead,1100,I,z,,,635,,,8,1,3044.10000000149,131536.59999999404,7098,plum,NF,C,,,,,,,,,,5
3,prac,1,inc,1,m,Fri Apr 04 2025 12:57:56 GMT-0500 (Central Daylight Time),137329.19999999553,pear,900,I,m,,,546,,,14,1,2744.10000000149,134585.09999999404,7098,iron,NF,C,,,,,,,,,,6
4,prac,1,con,1,z,Fri Apr 04 2025 12:57:56 GMT-0500 (Central Daylight Time),140295.29999999702,kiwi,1000,I,z,,,649,,,7,1,2961.70000000298,137333.59999999404,7098,kiwi,NF,C,,,,,,,,,,7
5,prac,1,inc,1,z,Fri Apr 04 2025 12:57:56 GMT-0500 (Central Daylight Time),143111.19999999553,iron,900,I,z,,,600,,,6,1,2811.29999999702,140299.8999999985,7098,pear,NF,C,,,,,,,,,,8
6,prac,1,inc,1,z,Fri Apr 04 2025 12:57:56 GMT-0500 (Central Daylight Time),146177.0,cobalt,1100,I,z,,,656,,,4,1,3060.9000000059605,143116.09999999404,7098,raisin,NF,C,,,,,,,,,,9
7,prac,1,con,1,m,Fri Apr 04 2025 12:57:56 GMT-0500 (Central Daylight Time),149242.79999999702,silver,1000,I,m,,,755,,,11,1,3061.5,146181.29999999702,7098,silver,NF,C,,,,,,,,,,10
8,prac,1,con,1,m,Fri Apr 04 2025 12:57:56 GMT-0500 (Central Daylight Time),151891.69999999553,gold,800,I,m,,,536,,,13,1,2643.89999999851,149247.79999999702,7098,gold,NF,C,,,,,,,,,,11
9,prac,1,con,1,m,Fri Apr 04 2025 12:57:56 GMT-0500 (Central Daylight Time),154591.09999999404,bronze,800,I,m,,,592,,,9,1,2695.1999999955297,151895.8999999985,7098,bronze,NF,C,,,,,,,,,,12
10,prac,1,con,1,z,Fri Apr 04 2025 12:57:56 GMT-0500 (Central Daylight Time),157290.19999999553,lime,800,I,z,,,589,,,5,1,2694.39999999851,154595.79999999702,7098,lime,NF,C,,,,,,,,,,13
11,prac,1,inc,1,m,Fri Apr 04 2025 12:57:56 GMT-0500 (Central Daylight Time),160239.09999999404,raisin,1100,I,m,,,541,,,12,1,2944.6999999955297,157294.3999999985,7098,cobalt,NF,C,,,,,,,,,,14
12,prac,1,con,1,m,Fri Apr 04 2025 12:57:56 GMT-0500 (Central Daylight Time),163204.69999999553,zinc,1000,I,m,,,661,,,15,1,2961.29999999702,160243.3999999985,7098,zinc,NF,C,,,,,,,,,,15
13,prac,1,con,1,z,Fri Apr 04 2025 12:57:56 GMT-0500 (Central Daylight Time),166204.09999999404,orange,1000,I,z,,,569,,,3,1,2995.1999999955297,163208.8999999985,7098,orange,NF,C,,,,,,,,,,16
1,test,1,inc,1,z,Fri Apr 04 2025 12:57:56 GMT-0500 (Central Daylight Time),181099.3999999985,iron,900,I,z,z,,538,339.0,199.0,62,1,1979.3999999985097,179120.0,7098,plum,NF,C,174371.0,174371.0,172741.0,173655.0,172741.0,174720.0,174171.0,174171.0,174720.0,1
1,test,1,inc,0,m,Fri Apr 04 2025 12:57:56 GMT-0500 (Central Daylight Time),184531.59999999404,pear,900,I,,,,1799,1799.0,199.0,126,1,3427.0,181104.59999999404,7098,lead,NF,C,176353.0,176353.0,174726.0,175637.0,174726.0,178153.0,176154.0,176154.0,178153.0,2
2,test,1,inc,1,z,Fri Apr 04 2025 12:57:56 GMT-0500 (Central Daylight Time),186514.19999999556,gold,800,I,z,z,,639,440.0,199.0,61,1,1978.1999999955297,184536.0,7098,plum,NF,C,179686.0,179686.0,178157.0,178971.0,178158.0,180135.0,179486.0,179486.0,180135.0,3
3,test,1,inc,1,m,Fri Apr 04 2025 12:57:56 GMT-0500 (Central Daylight Time),188696.69999999556,cherry,900,I,m,m,,634,425.0,209.0,94,1,2178.5,186518.19999999556,7098,cobalt,NF,C,181885.0,181885.0,180139.0,181052.0,180140.0,182318.0,181676.0,181676.0,182318.0,4
4,test,1,inc,1,z,Fri Apr 04 2025 12:57:56 GMT-0500 (Central Daylight Time),190929.29999999705,lead,1100,I,z,z,,599,399.0,200.0,64,1,2228.39999999851,188700.8999999985,7098,plum,NF,C,184151.0,184151.0,182322.0,183435.0,182322.0,184550.0,183951.0,183951.0,184550.0,5
5,test,1,inc,1,z,Fri Apr 04 2025 12:57:56 GMT-0500 (Central Daylight Time),193328.59999999404,lead,1100,I,z,z,,749,550.0,199.0,56,1,2395.5999999940395,190933.0,7098,kiwi,NF,C,186384.0,186384.0,184554.0,185667.0,184554.0,186950.0,186184.0,186184.0,186950.0,6
6,test,1,inc,1,z,Fri Apr 04 2025 12:57:56 GMT-0500 (Central Daylight Time),195594.69999999556,cobalt,1100,I,z,z,,630,430.0,200.0,24,1,2261.89999999851,193332.79999999705,7098,orange,NF,C,188783.0,188783.0,186954.0,188067.0,186954.0,189216.0,188583.0,188583.0,189216.0,7
7,test,1,con,1,m,Fri Apr 04 2025 12:57:56 GMT-0500 (Central Daylight Time),197693.79999999705,iron,900,I,m,m,,653,453.0,200.0,106,1,2095.10000000149,195598.69999999556,7098,iron,NF,C,190849.0,190849.0,189220.0,190132.0,189220.0,191315.0,190649.0,190649.0,191315.0,8
8,test,1,con,1,m,Fri Apr 04 2025 12:57:56 GMT-0500 (Central Daylight Time),199960.09999999404,iron,1100,I,m,m,,617,417.0,200.0,108,1,2262.29999999702,197697.79999999705,7098,iron,NF,C,193148.0,193148.0,191319.0,192432.0,191319.0,193581.0,192948.0,192948.0,193581.0,9
9,test,1,con,1,z,Fri Apr 04 2025 12:57:56 GMT-0500 (Central Daylight Time),202126.09999999404,orange,1000,I,z,z,,619,420.0,199.0,19,1,2162.0999999940395,199964.0,7098,orange,NF,C,195314.0,195314.0,193585.0,194598.0,193585.0,195747.0,195114.0,195115.0,195747.0,10
10,test,1,inc,1,z,Fri Apr 04 2025 12:57:56 GMT-0500 (Central Daylight Time),204342.0,silver,1000,I,z,z,,677,477.0,200.0,23,1,2211.60000000149,202130.3999999985,7098,orange,NF,C,197480.0,197480.0,195751.0,196764.0,195752.0,197963.0,197280.0,197280.0,197963.0,11
11,test,1,inc,1,m,Fri Apr 04 2025 12:57:56 GMT-0500 (Central Daylight Time),206357.59999999404,banana,800,I,m,m,,669,469.0,200.0,93,1,2011.0999999940395,204346.5,7098,cobalt,NF,C,199496.0,199496.0,197968.0,198780.0,197968.0,199979.0,199296.0,199296.0,199979.0,12
12,test,1,inc,1,m,Fri Apr 04 2025 12:57:56 GMT-0500 (Central Daylight Time),208492.3999999985,cherry,900,I,m,m,,697,497.0,200.0,78,1,2130.70000000298,206361.69999999556,7098,copper,NF,C,201612.0,201612.0,199983.0,200895.0,199983.0,202114.0,201412.0,201412.0,202113.0,13
13,test,1,con,1,m,Fri Apr 04 2025 12:57:56 GMT-0500 (Central Daylight Time),210606.59999999404,silver,800,I,m,m,,768,569.0,199.0,81,1,2109.5999999940395,208497.0,7098,silver,NF,C,203645.0,203645.0,202118.0,202928.0,202118.0,204228.0,203445.0,203445.0,204228.0,14
14,test,1,inc,1,z,Fri Apr 04 2025 12:57:56 GMT-0500 (Central Daylight Time),212839.29999999705,copper,900,I,z,z,,718,519.0,199.0,6,1,2228.60000000149,210610.69999999556,7098,banana,NF,C,205927.0,205927.0,204232.0,205223.0,204232.0,206460.0,205728.0,205728.0,206460.0,15
15,test,1,inc,1,m,Fri Apr 04 2025 12:57:56 GMT-0500 (Central Daylight Time),214855.3999999985,lime,800,I,m,m,,676,477.0,199.0,109,1,2012.20000000298,212843.19999999556,7098,iron,NF,C,207993.0,207993.0,206464.0,207277.0,206465.0,208476.0,207794.0,207794.0,208476.0,16
16,test,1,inc,1,z,Fri Apr 04 2025 12:57:56 GMT-0500 (Central Daylight Time),217139.0,lead,1100,I,z,z,,647,448.0,199.0,48,1,2279.5,214859.5,7098,pear,NF,C,210310.0,210310.0,208481.0,209593.0,208481.0,210760.0,210109.0,210110.0,210760.0,17
17,test,1,inc,1,z,Fri Apr 04 2025 12:57:56 GMT-0500 (Central Daylight Time),219187.3999999985,copper,900,I,z,z,,605,405.0,200.0,14,1,2044.3999999985097,217143.0,7098,cherry,NF,C,212392.0,212392.0,210764.0,211676.0,210764.0,212808.0,212192.0,212192.0,212808.0,18
18,test,1,inc,1,m,Fri Apr 04 2025 12:57:56 GMT-0500 (Central Daylight Time),221203.59999999404,banana,800,I,m,m,,672,473.0,199.0,85,1,2012.3999999985097,219191.19999999556,7098,silver,NF,C,214341.0,214341.0,212812.0,213625.0,212813.0,214825.0,214142.0,214142.0,214825.0,19
19,test,1,inc,1,m,Fri Apr 04 2025 12:57:56 GMT-0500 (Central Daylight Time),223218.8999999985,lime,800,I,m,m,,671,472.0,199.0,117,1,2011.5,221207.3999999985,7098,zinc,NF,C,216357.0,216357.0,214828.0,215641.0,214829.0,216840.0,216158.0,216158.0,216840.0,20
20,test,1,inc,1,z,Fri Apr 04 2025 12:57:56 GMT-0500 (Central Daylight Time),225368.69999999556,iron,900,I,z,z,,707,508.0,199.0,54,1,2145.6999999955297,223223.0,7098,kiwi,NF,C,218473.0,218473.0,216844.0,217757.0,216844.0,218990.0,218274.0,218274.0,218990.0,21
21,test,1,inc,1,z,Fri Apr 04 2025 12:57:56 GMT-0500 (Central Daylight Time),227484.79999999705,iron,900,I,z,z,,678,479.0,199.0,46,1,2110.79999999702,225374.0,7098,pear,NF,C,220623.0,220623.0,218995.0,219907.0,218996.0,221106.0,220424.0,220424.0,221106.0,22
22,test,1,inc,1,z,Fri Apr 04 2025 12:57:56 GMT-0500 (Central Daylight Time),229500.69999999556,copper,900,I,z,z,,579,379.0,200.0,22,1,2011.60000000149,227489.09999999404,7098,orange,NF,C,222739.0,222739.0,221110.0,222023.0,221110.0,223122.0,222539.0,222539.0,223122.0,23
23,test,1,con,1,z,Fri Apr 04 2025 12:57:56 GMT-0500 (Central Daylight Time),231583.3999999985,raisin,900,I,z,z,,643,443.0,200.0,26,1,2078.70000000298,229504.69999999556,7098,raisin,NF,C,224755.0,224755.0,223126.0,224038.0,223126.0,225204.0,224555.0,224555.0,225204.0,24
24,test,1,con,1,m,Fri Apr 04 2025 12:57:56 GMT-0500 (Central Daylight Time),233632.79999999705,cobalt,900,I,m,m,,599,400.0,199.0,90,1,2045.79999999702,231587.0,7098,cobalt,NF,C,226838.0,226838.0,225208.0,226121.0,225208.0,227254.0,226638.0,226638.0,227254.0,25
25,test,1,con,1,z,Fri Apr 04 2025 12:57:56 GMT-0500 (Central Daylight Time),235698.79999999705,orange,800,I,z,z,,666,464.0,202.0,17,1,2062.0,233636.79999999705,7098,orange,NF,C,228853.0,228853.0,227258.0,228070.0,227258.0,229320.0,228651.0,228651.0,229320.0,26
26,test,1,con,1,z,Fri Apr 04 2025 12:57:56 GMT-0500 (Central Daylight Time),237681.5,lime,800,I,z,z,,641,441.0,200.0,33,1,1978.20000000298,235703.29999999705,7098,lime,NF,C,230853.0,230853.0,229324.0,230136.0,229325.0,231303.0,230653.0,230653.0,231303.0,27
27,test,1,con,1,m,Fri Apr 04 2025 12:57:56 GMT-0500 (Central Daylight Time),239830.69999999556,silver,1000,I,m,m,,609,410.0,199.0,83,1,2145.29999999702,237685.3999999985,7098,silver,NF,C,233036.0,233036.0,231306.0,232319.0,231307.0,233452.0,232836.0,232836.0,233452.0,28
28,test,1,inc,1,m,Fri Apr 04 2025 12:57:56 GMT-0500 (Central Daylight Time),242163.5,orange,1000,I,m,m,,789,589.0,200.0,95,1,2329.0,239834.5,7098,cobalt,NF,C,235185.0,235185.0,233456.0,234469.0,233456.0,235785.0,234985.0,234985.0,235784.0,29
29,test,1,con,1,z,Fri Apr 04 2025 12:57:56 GMT-0500 (Central Daylight Time),244329.29999999705,pear,1000,I,z,z,,624,425.0,199.0,43,1,2161.89999999851,242167.3999999985,7098,pear,NF,C,237517.0,237517.0,235788.0,236801.0,235789.0,237950.0,237318.0,237318.0,237950.0,30
30,test,1,inc,1,z,Fri Apr 04 2025 12:57:56 GMT-0500 (Central Daylight Time),246478.69999999556,bronze,800,I,z,z,,801,602.0,199.0,21,1,2145.29999999702,244333.3999999985,7098,orange,NF,C,239483.0,239484.0,237954.0,238767.0,237955.0,240100.0,239284.0,239284.0,240100.0,31
31,test,1,con,1,z,Fri Apr 04 2025 12:57:56 GMT-0500 (Central Daylight Time),248478.09999999404,pear,800,I,z,z,,653,453.0,200.0,41,1,1995.5,246482.59999999404,7098,pear,NF,C,241633.0,241633.0,240104.0,240916.0,240104.0,242099.0,241433.0,241433.0,242099.0,32
32,test,1,con,1,m,Fri Apr 04 2025 12:57:56 GMT-0500 (Central Daylight Time),250677.3999999985,gold,900,I,m,m,,762,562.0,200.0,98,1,2195.5,248481.8999999985,7098,gold,NF,C,243732.0,243732.0,242103.0,243016.0,242103.0,244298.0,243532.0,243532.0,244298.0,33
33,test,1,con,1,m,Fri Apr 04 2025 12:57:56 GMT-0500 (Central Daylight Time),252876.79999999705,silver,1100,I,m,m,,553,354.0,199.0,84,1,2195.5,250681.29999999705,7098,silver,NF,C,246132.0,246132.0,244302.0,245415.0,244303.0,246498.0,245932.0,245932.0,246498.0,34
34,test,1,con,1,m,Fri Apr 04 2025 12:57:56 GMT-0500 (Central Daylight Time),255159.29999999705,gold,1000,I,m,m,,743,543.0,200.0,99,1,2278.60000000149,252880.69999999556,7098,gold,NF,C,248231.0,248231.0,246502.0,247514.0,246502.0,248780.0,248031.0,248031.0,248780.0,35
35,test,1,inc,1,m,Fri Apr 04 2025 12:57:56 GMT-0500 (Central Daylight Time),257343.09999999404,orange,1000,I,m,m,,635,436.0,199.0,87,1,2180.0,255163.09999999404,7098,silver,NF,C,250513.0,250513.0,248784.0,249797.0,248785.0,250964.0,250314.0,250314.0,250964.0,36
36,test,1,con,1,m,Fri Apr 04 2025 12:57:56 GMT-0500 (Central Daylight Time),259474.3999999985,lead,900,I,m,m,,698,498.0,200.0,122,1,2127.39999999851,257347.0,7098,lead,NF,C,252596.0,252596.0,250968.0,251880.0,250968.0,253095.0,252396.0,252396.0,253095.0,37
37,test,1,inc,1,m,Fri Apr 04 2025 12:57:56 GMT-0500 (Central Daylight Time),261557.3999999985,cherry,900,I,m,m,,636,437.0,199.0,86,1,2079.20000000298,259478.19999999556,7098,silver,NF,C,254729.0,254729.0,253099.0,254013.0,253100.0,255178.0,254529.0,254529.0,255178.0,38
38,test,1,con,1,z,Fri Apr 04 2025 12:57:56 GMT-0500 (Central Daylight Time),264006.799999997,banana,1100,I,z,z,,803,603.0,200.0,4,1,2445.60000000149,261561.19999999556,7098,banana,NF,C,257011.0,257011.0,255182.0,256295.0,255183.0,257628.0,256811.0,256811.0,257628.0,39
39,test,1,con,1,z,Fri Apr 04 2025 12:57:56 GMT-0500 (Central Daylight Time),265957.1999999956,plum,800,I,z,z,,605,405.0,200.0,57,1,1946.5,264010.6999999956,7098,plum,NF,C,259161.0,259161.0,257632.0,258444.0,257632.0,259578.0,258961.0,258961.0,259578.0,40
40,test,1,con,1,z,Fri Apr 04 2025 12:57:56 GMT-0500 (Central Daylight Time),267988.59999999404,lime,900,I,z,z,,588,388.0,200.0,34,1,2027.29999999702,265961.299999997,7098,lime,NF,C,261210.0,261210.0,259582.0,260494.0,259583.0,261610.0,261010.0,261010.0,261610.0,41
41,test,1,inc,1,z,Fri Apr 04 2025 12:57:56 GMT-0500 (Central Daylight Time),270104.799999997,bronze,800,I,z,z,,766,567.0,199.0,29,1,2111.70000000298,267993.09999999404,7098,raisin,NF,C,263143.0,263143.0,261614.0,262426.0,261614.0,263726.0,262943.0,262943.0,263726.0,42
42,test,1,inc,1,m,Fri Apr 04 2025 12:57:56 GMT-0500 (Central Daylight Time),272337.1999999956,plum,1100,I,m,m,,582,383.0,199.0,120,1,2228.79999999702,270108.3999999985,7098,zinc,NF,C,265559.0,265559.0,263729.0,264843.0,263730.0,265958.0,265359.0,265359.0,265958.0,43
43,test,1,con,1,m,Fri Apr 04 2025 12:57:56 GMT-0500 (Central Daylight Time),274553.0,cobalt,1000,I,m,m,,682,483.0,199.0,91,1,2211.9000000059605,272341.09999999404,7098,cobalt,NF,C,267691.0,267691.0,265962.0,266975.0,265963.0,268174.0,267492.0,267492.0,268174.0,44
44,test,1,inc,1,m,Fri Apr 04 2025 12:57:56 GMT-0500 (Central Daylight Time),276552.59999999404,pear,900,I,m,m,,549,350.0,199.0,118,1,1996.0,274556.59999999404,7098,zinc,NF,C,269807.0,269808.0,268178.0,269091.0,268178.0,270174.0,269608.0,269608.0,270174.0,45
45,test,1,inc,1,m,Fri Apr 04 2025 12:57:56 GMT-0500 (Central Daylight Time),278668.6999999956,cherry,900,I,m,m,,679,479.0,200.0,70,1,2112.10000000149,276556.59999999404,7098,bronze,NF,C,271807.0,271807.0,270178.0,271090.0,270178.0,272290.0,271607.0,271607.0,272290.0,46
46,test,1,con,1,m,Fri Apr 04 2025 12:57:56 GMT-0500 (Central Daylight Time),280751.3999999985,zinc,900,I,m,m,,634,435.0,199.0,114,1,2078.8000000044703,278672.59999999404,7098,zinc,NF,C,273923.0,273923.0,272294.0,273206.0,272294.0,274372.0,273723.0,273723.0,274372.0,47
47,test,1,inc,1,z,Fri Apr 04 2025 12:57:56 GMT-0500 (Central Daylight Time),282733.8999999985,bronze,800,I,z,z,,605,404.0,201.0,13,1,1978.70000000298,280755.1999999956,7098,cherry,NF,C,275938.0,275938.0,274376.0,275189.0,274376.0,276355.0,275737.0,275737.0,276355.0,48
48,test,1,inc,1,z,Fri Apr 04 2025 12:57:56 GMT-0500 (Central Daylight Time),285066.59999999404,cobalt,1100,I,z,z,,689,489.0,200.0,32,1,2328.89999999851,282737.6999999956,7098,raisin,NF,C,278188.0,278188.0,276359.0,277471.0,276359.0,278688.0,277988.0,277988.0,278688.0,49
49,test,1,inc,1,m,Fri Apr 04 2025 12:57:56 GMT-0500 (Central Daylight Time),287349.1999999956,plum,1100,I,m,m,,636,437.0,199.0,112,1,2278.79999999702,285070.3999999985,7098,iron,NF,C,280521.0,280521.0,278691.0,279804.0,278692.0,280970.0,280321.0,280321.0,280970.0,50
50,test,1,inc,1,m,Fri Apr 04 2025 12:57:56 GMT-0500 (Central Daylight Time),289598.8999999985,kiwi,1000,I,m,m,,711,511.0,200.0,111,1,2245.70000000298,287353.1999999956,7098,iron,NF,C,282703.0,282703.0,280974.0,281987.0,280975.0,283220.0,282503.0,282503.0,283220.0,51
51,test,1,con,1,m,Fri Apr 04 2025 12:57:56 GMT-0500 (Central Daylight Time),291614.59999999404,copper,800,I,m,m,,668,469.0,199.0,73,1,2012.0,289602.59999999404,7098,copper,NF,C,284753.0,284753.0,283224.0,284036.0,283224.0,285236.0,284553.0,284553.0,285236.0,52
52,test,1,con,1,m,Fri Apr 04 2025 12:57:56 GMT-0500 (Central Daylight Time),293680.799999997,lead,800,I,m,m,,732,533.0,199.0,121,1,2062.39999999851,291618.3999999985,7098,lead,NF,C,286769.0,286769.0,285239.0,286052.0,285240.0,287302.0,286569.0,286569.0,287302.0,53
53,test,1,inc,1,m,Fri Apr 04 2025 12:57:56 GMT-0500 (Central Daylight Time),295763.299999997,banana,800,I,m,m,,738,539.0,199.0,69,1,2078.70000000298,293684.59999999404,7098,bronze,NF,C,288835.0,288835.0,287306.0,288118.0,287306.0,289384.0,288635.0,288635.0,289384.0,54
54,test,1,inc,1,z,Fri Apr 04 2025 12:57:56 GMT-0500 (Central Daylight Time),298079.09999999404,cobalt,1100,I,z,z,,668,469.0,199.0,16,1,2312.0,295767.09999999404,7098,cherry,NF,C,291217.0,291217.0,289388.0,290501.0,289388.0,291700.0,291018.0,291018.0,291700.0,55
55,test,1,con,1,z,Fri Apr 04 2025 12:57:56 GMT-0500 (Central Daylight Time),300128.299999997,orange,900,I,z,z,,600,400.0,200.0,18,1,2045.29999999702,298083.0,7098,orange,NF,C,293333.0,293333.0,291704.0,292617.0,291704.0,293749.0,293133.0,293133.0,293749.0,56
56,test,1,con,1,z,Fri Apr 04 2025 12:57:56 GMT-0500 (Central Daylight Time),302210.8999999985,kiwi,900,I,z,z,,639,439.0,200.0,50,1,2078.5,300132.3999999985,7098,kiwi,NF,C,295382.0,295382.0,293753.0,294666.0,293754.0,295832.0,295182.0,295182.0,295832.0,57
57,test,1,inc,1,z,Fri Apr 04 2025 12:57:56 GMT-0500 (Central Daylight Time),304343.8999999985,iron,900,I,z,z,,693,493.0,200.0,38,1,2129.3000000044703,302214.59999999404,7098,lime,NF,C,297465.0,297465.0,295836.0,296749.0,295836.0,297965.0,297265.0,297265.0,297965.0,58
58,test,1,inc,1,z,Fri Apr 04 2025 12:57:56 GMT-0500 (Central Daylight Time),306343.299999997,gold,800,I,z,z,,654,451.0,203.0,37,1,1995.70000000298,304347.59999999404,7098,lime,NF,C,299499.0,299499.0,297969.0,298783.0,297969.0,299964.0,299296.0,299296.0,299964.0,59
59,test,1,con,1,m,Fri Apr 04 2025 12:57:56 GMT-0500 (Central Daylight Time),308925.6999999956,bronze,900,I,m,m,,1143,944.0,199.0,66,1,2578.5,306347.1999999956,7098,bronze,NF,C,301597.0,301598.0,299968.0,300881.0,299968.0,302547.0,301398.0,301398.0,302547.0,60
60,test,1,con,1,m,Fri Apr 04 2025 12:57:56 GMT-0500 (Central Daylight Time),311125.299999997,bronze,1000,I,m,m,,662,462.0,200.0,67,1,2195.5,308929.799999997,7098,bronze,NF,C,304280.0,304280.0,302551.0,303563.0,302551.0,304746.0,304080.0,304080.0,304746.0,61
61,test,1,inc,1,m,Fri Apr 04 2025 12:57:56 GMT-0500 (Central Daylight Time),313191.0,pear,900,I,m,m,,627,427.0,200.0,110,1,2061.8000000044703,311129.1999999956,7098,iron,NF,C,306379.0,306379.0,304750.0,305663.0,304751.0,306812.0,306179.0,306179.0,306812.0,62
62,test,1,inc,1,z,Fri Apr 04 2025 12:57:56 GMT-0500 (Central Daylight Time),315456.8999999985,cobalt,1100,I,z,z,,625,425.0,200.0,8,1,2261.89999999851,313195.0,7098,banana,NF,C,308645.0,308645.0,306816.0,307929.0,306816.0,309078.0,308445.0,308445.0,309078.0,63
63,test,1,con,1,m,Fri Apr 04 2025 12:57:56 GMT-0500 (Central Daylight Time),317456.59999999404,iron,800,I,m,m,,650,451.0,199.0,105,1,1996.0,315460.59999999404,7098,iron,NF,C,310611.0,310611.0,309082.0,309895.0,309082.0,311078.0,310412.0,310412.0,311078.0,64
64,test,1,con,1,z,Fri Apr 04 2025 12:57:56 GMT-0500 (Central Daylight Time),319405.799999997,cherry,800,I,z,z,,609,410.0,199.0,9,1,1945.3999999985097,317460.3999999985,7098,cherry,NF,C,312611.0,312611.0,311081.0,311894.0,311082.0,313027.0,312411.0,312411.0,313027.0,65
65,test,1,con,1,m,Fri Apr 04 2025 12:57:56 GMT-0500 (Central Daylight Time),321755.09999999404,copper,1100,I,m,m,,705,505.0,200.0,76,1,2345.6999999955297,319409.3999999985,7098,copper,NF,C,314860.0,314860.0,313030.0,314144.0,313031.0,315376.0,314660.0,314660.0,315376.0,66
66,test,1,con,1,m,Fri Apr 04 2025 12:57:56 GMT-0500 (Central Daylight Time),323887.59999999404,zinc,1000,I,m,m,,584,384.0,200.0,115,1,2128.39999999851,321759.1999999956,7098,zinc,NF,C,317109.0,317109.0,315380.0,316393.0,315380.0,317509.0,316909.0,316909.0,317509.0,67
67,test,1,inc,1,m,Fri Apr 04 2025 12:57:56 GMT-0500 (Central Daylight Time),326053.3999999985,kiwi,1000,I,m,m,,627,427.0,200.0,103,1,2162.0,323891.3999999985,7098,gold,NF,C,319242.0,319242.0,317512.0,318527.0,317513.0,319674.0,319042.0,319042.0,319674.0,68
68,test,1,con,1,m,Fri Apr 04 2025 12:57:56 GMT-0500 (Central Daylight Time),328436.59999999404,zinc,1100,I,m,m,,745,545.0,200.0,116,1,2379.1999999955297,326057.3999999985,7098,zinc,NF,C,321508.0,321508.0,319678.0,320791.0,319679.0,322058.0,321308.0,321308.0,322058.0,69
69,test,1,con,1,z,Fri Apr 04 2025 12:57:56 GMT-0500 (Central Daylight Time),330719.0,kiwi,1100,I,z,z,,634,419.0,215.0,52,1,2278.8000000044703,328440.1999999956,7098,kiwi,NF,C,323907.0,323907.0,322061.0,323174.0,322061.0,324340.0,323692.0,323692.0,324340.0,70
70,test,1,inc,1,z,Fri Apr 04 2025 12:57:56 GMT-0500 (Central Daylight Time),332935.0,zinc,1000,I,z,z,,676,476.0,200.0,63,1,2212.20000000298,330722.799999997,7098,plum,NF,C,326073.0,326073.0,324344.0,325357.0,324344.0,326556.0,325873.0,325873.0,326556.0,71
71,test,1,con,1,z,Fri Apr 04 2025 12:57:56 GMT-0500 (Central Daylight Time),335200.8999999985,plum,1000,I,z,z,,724,525.0,199.0,59,1,2261.89999999851,332939.0,7098,plum,NF,C,328289.0,328289.0,326560.0,327573.0,326560.0,328822.0,328090.0,328090.0,328822.0,72
72,test,1,con,1,m,Fri Apr 04 2025 12:57:56 GMT-0500 (Central Daylight Time),337333.5,copper,1000,I,m,m,,595,395.0,200.0,75,1,2129.10000000149,335204.3999999985,7098,copper,NF,C,330555.0,330555.0,328825.0,329839.0,328826.0,330955.0,330355.0,330355.0,330955.0,73
73,test,1,inc,1,m,Fri Apr 04 2025 12:57:56 GMT-0500 (Central Daylight Time),339782.8999999985,plum,1100,I,m,m,,800,601.0,199.0,128,1,2445.70000000298,337337.1999999956,7098,lead,NF,C,332788.0,332788.0,330958.0,332071.0,330958.0,333404.0,332588.0,332588.0,333404.0,74
74,test,1,inc,1,m,Fri Apr 04 2025 12:57:56 GMT-0500 (Central Daylight Time),342199.8999999985,raisin,1100,I,m,m,,769,569.0,200.0,72,1,2413.3000000044703,339786.59999999404,7098,bronze,NF,C,335237.0,335237.0,333408.0,334520.0,333408.0,335821.0,335037.0,335037.0,335821.0,75
75,test,1,con,1,z,Fri Apr 04 2025 12:57:56 GMT-0500 (Central Daylight Time),344548.09999999404,lime,1100,I,z,z,,713,514.0,199.0,36,1,2344.29999999702,342203.799999997,7098,lime,NF,C,337652.0,337652.0,335825.0,336936.0,335825.0,338169.0,337453.0,337453.0,338169.0,76
76,test,1,con,1,z,Fri Apr 04 2025 12:57:56 GMT-0500 (Central Daylight Time),346730.59999999404,lime,1000,I,z,z,,639,439.0,200.0,35,1,2178.6999999955297,344551.8999999985,7098,lime,NF,C,339902.0,339902.0,338173.0,339186.0,338173.0,340352.0,339702.0,339702.0,340352.0,77
77,test,1,inc,1,z,Fri Apr 04 2025 12:57:56 GMT-0500 (Central Daylight Time),348913.1999999956,silver,1000,I,z,z,,649,449.0,200.0,7,1,2178.79999999702,346734.3999999985,7098,banana,NF,C,342085.0,342085.0,340355.0,341368.0,340356.0,342534.0,341885.0,341885.0,342534.0,78
78,test,1,con,1,z,Fri Apr 04 2025 12:57:56 GMT-0500 (Central Daylight Time),351079.5,plum,900,I,z,z,,726,527.0,199.0,58,1,2162.8000000044703,348916.6999999956,7098,plum,NF,C,344167.0,344167.0,342538.0,343451.0,342538.0,344701.0,343968.0,343968.0,344700.0,79
79,test,1,con,1,z,Fri Apr 04 2025 12:57:56 GMT-0500 (Central Daylight Time),353445.09999999404,pear,1100,I,z,z,,652,443.0,209.0,44,1,2361.89999999851,351083.1999999956,7098,pear,NF,C,346619.0,346619.0,344704.0,345817.0,344704.0,347066.0,346410.0,346410.0,347066.0,80
80,test,1,con,1,z,Fri Apr 04 2025 12:57:56 GMT-0500 (Central Daylight Time),355627.799999997,banana,800,I,z,z,,837,638.0,199.0,1,1,2179.0,353448.799999997,7098,banana,NF,C,348599.0,348599.0,347070.0,347883.0,347070.0,349249.0,348400.0,348400.0,349249.0,81
81,test,1,con,1,z,Fri Apr 04 2025 12:57:56 GMT-0500 (Central Daylight Time),358193.8999999985,raisin,1000,I,z,z,,1024,824.0,200.0,27,1,2561.8000000044703,355632.09999999404,7098,raisin,NF,C,350982.0,350982.0,349253.0,350265.0,349253.0,351815.0,350782.0,350782.0,351815.0,82
82,test,1,inc,1,m,Fri Apr 04 2025 12:57:56 GMT-0500 (Central Daylight Time),360642.8999999985,plum,1100,I,m,m,,812,613.0,199.0,104,1,2445.39999999851,358197.5,7098,gold,NF,C,353648.0,353648.0,351819.0,352931.0,351819.0,354264.0,353448.0,353448.0,354264.0,83
83,test,1,con,1,m,Fri Apr 04 2025 12:57:56 GMT-0500 (Central Daylight Time),363142.0999999941,iron,1000,I,m,m,,952,753.0,199.0,107,1,2495.29999999702,360646.799999997,7098,iron,NF,C,355997.0,355997.0,354268.0,355281.0,354268.0,356763.0,355797.0,355797.0,356763.0,84
84,test,1,inc,1,m,Fri Apr 04 2025 12:57:56 GMT-0500 (Central Daylight Time),365741.3999999985,orange,1000,I,m,m,,1062,862.0,200.0,79,1,2595.39999999851,363146.0,7098,copper,NF,C,358496.0,358496.0,356767.0,357780.0,356767.0,359362.0,358296.0,358296.0,359362.0,85
85,test,1,con,1,z,Fri Apr 04 2025 12:57:56 GMT-0500 (Central Daylight Time),368090.3999999985,cherry,1100,I,z,z,,705,506.0,199.0,12,1,2345.20000000298,365745.19999999553,7098,cherry,NF,C,361195.0,361195.0,359366.0,360479.0,359367.0,361711.0,360996.0,360996.0,361711.0,86
86,test,1,inc,1,z,Fri Apr 04 2025 12:57:56 GMT-0500 (Central Daylight Time),370356.5,silver,1000,I,z,z,,729,529.0,200.0,15,1,2262.70000000298,368093.799999997,7098,cherry,NF,C,363445.0,363445.0,361715.0,362728.0,361715.0,363978.0,363245.0,363245.0,363978.0,87
87,test,1,con,1,z,Fri Apr 04 2025 12:57:56 GMT-0500 (Central Daylight Time),372689.0,pear,900,I,z,z,,898,699.0,199.0,42,1,2328.8000000044703,370360.19999999553,7098,pear,NF,C,365611.0,365611.0,363981.0,364894.0,363982.0,366310.0,365411.0,365411.0,366310.0,88
88,test,1,inc,1,m,Fri Apr 04 2025 12:57:56 GMT-0500 (Central Daylight Time),375038.19999999553,orange,1000,I,m,m,,802,602.0,200.0,71,1,2345.60000000149,372692.5999999941,7098,bronze,NF,C,368043.0,368043.0,366314.0,367327.0,366314.0,368659.0,367843.0,367843.0,368659.0,89
89,test,1,inc,1,m,Fri Apr 04 2025 12:57:56 GMT-0500 (Central Daylight Time),377354.3999999985,raisin,1100,I,m,m,,673,474.0,199.0,96,1,2312.5,375041.8999999985,7098,cobalt,NF,C,370492.0,370492.0,368663.0,369776.0,368663.0,370975.0,370292.0,370293.0,370975.0,90
90,test,1,con,1,m,Fri Apr 04 2025 12:57:56 GMT-0500 (Central Daylight Time),379453.799999997,gold,800,I,m,m,,753,554.0,199.0,97,1,2095.70000000298,377358.0999999941,7098,gold,NF,C,372508.0,372508.0,370979.0,371792.0,370979.0,373075.0,372309.0,372309.0,373075.0,91
91,test,1,inc,1,m,Fri Apr 04 2025 12:57:56 GMT-0500 (Central Daylight Time),381603.0,lime,800,I,m,m,,812,613.0,199.0,101,1,2145.4000000059605,379457.5999999941,7098,gold,NF,C,374608.0,374608.0,373079.0,373891.0,373079.0,375224.0,374408.0,374408.0,375224.0,92
92,test,1,con,1,m,Fri Apr 04 2025 12:57:56 GMT-0500 (Central Daylight Time),383852.299999997,lead,1000,I,m,m,,713,513.0,200.0,123,1,2245.60000000149,381606.69999999553,7098,lead,NF,C,376957.0,376957.0,375228.0,376241.0,375228.0,377473.0,376757.0,376757.0,377473.0,93
93,test,1,con,1,m,Fri Apr 04 2025 12:57:56 GMT-0500 (Central Daylight Time),385985.0,silver,900,I,m,m,,683,484.0,199.0,82,1,2128.9000000059605,383856.0999999941,7098,silver,NF,C,379106.0,379106.0,377477.0,378390.0,377477.0,379606.0,378907.0,378907.0,379606.0,94
94,test,1,con,1,m,Fri Apr 04 2025 12:57:56 GMT-0500 (Central Daylight Time),388401.0999999941,cobalt,1100,I,m,m,,767,566.0,201.0,92,1,2412.5,385988.5999999941,7098,cobalt,NF,C,381440.0,381440.0,379610.0,380723.0,379610.0,382022.0,381239.0,381239.0,382022.0,95
95,test,1,con,1,z,Fri Apr 04 2025 12:57:56 GMT-0500 (Central Daylight Time),390633.299999997,orange,1100,I,z,z,,599,399.0,200.0,20,1,2227.89999999851,388405.3999999985,7098,orange,NF,C,383855.0,383855.0,382026.0,383139.0,382027.0,384254.0,383655.0,383655.0,384254.0,96
96,test,1,inc,1,m,Fri Apr 04 2025 12:57:56 GMT-0500 (Central Daylight Time),392832.799999997,pear,900,I,m,m,,756,557.0,199.0,102,1,2196.0,390636.799999997,7098,gold,NF,C,385888.0,385888.0,384258.0,385171.0,384258.0,386454.0,385688.0,385688.0,386454.0,97
97,test,1,con,1,z,Fri Apr 04 2025 12:57:56 GMT-0500 (Central Daylight Time),395098.8999999985,plum,1100,I,z,z,,622,422.0,200.0,60,1,2262.39999999851,392836.5,7098,plum,NF,C,388287.0,388287.0,386458.0,387570.0,386458.0,388720.0,388087.0,388087.0,388720.0,98
98,test,1,con,1,m,Fri Apr 04 2025 12:57:56 GMT-0500 (Central Daylight Time),397098.299999997,cobalt,800,I,m,m,,665,465.0,200.0,89,1,1995.8999999985097,395102.3999999985,7098,cobalt,NF,C,390253.0,390253.0,388723.0,389536.0,388724.0,390719.0,390053.0,390053.0,390719.0,99
99,test,1,inc,1,m,Fri Apr 04 2025 12:57:56 GMT-0500 (Central Daylight Time),399447.69999999553,raisin,1100,I,m,m,,701,502.0,199.0,80,1,2345.60000000149,397102.0999999941,7098,copper,NF,C,392552.0,392552.0,390723.0,391836.0,390724.0,393069.0,392352.0,392353.0,393069.0,100
100,test,1,inc,1,z,Fri Apr 04 2025 12:57:56 GMT-0500 (Central Daylight Time),401563.299999997,gold,800,I,z,z,,772,573.0,199.0,53,1,2111.79999999702,399451.5,7098,kiwi,NF,C,394601.0,394601.0,393073.0,393885.0,393073.0,395185.0,394402.0,394402.0,395184.0,101
101,test,1,inc,1,m,Fri Apr 04 2025 12:57:56 GMT-0500 (Central Daylight Time),403796.0,kiwi,1000,I,m,m,,696,497.0,199.0,119,1,2228.9000000059605,401567.0999999941,7098,zinc,NF,C,396917.0,396917.0,395188.0,396201.0,395188.0,397417.0,396718.0,396718.0,397417.0,102
102,test,1,inc,1,m,Fri Apr 04 2025 12:57:56 GMT-0500 (Central Daylight Time),406461.8999999985,raisin,1100,I,m,m,,1020,820.0,200.0,88,1,2662.10000000149,403799.799999997,7098,silver,NF,C,399250.0,399250.0,397421.0,398534.0,397421.0,400083.0,399050.0,399050.0,400083.0,103
103,test,1,con,1,z,Fri Apr 04 2025 12:57:56 GMT-0500 (Central Daylight Time),408494.5,banana,1000,I,z,z,,485,285.0,200.0,3,1,2028.9000000059605,406465.5999999941,7098,banana,NF,C,401816.0,401816.0,400087.0,401099.0,400087.0,402116.0,401616.0,401616.0,402116.0,104
104,test,1,con,1,z,Fri Apr 04 2025 12:57:56 GMT-0500 (Central Daylight Time),410743.5999999941,kiwi,1000,I,z,z,,700,500.0,200.0,51,1,2245.5,408498.0999999941,7098,kiwi,NF,C,403849.0,403849.0,402119.0,403132.0,402119.0,404365.0,403649.0,403649.0,404365.0,105
105,test,1,con,1,z,Fri Apr 04 2025 12:57:56 GMT-0500 (Central Daylight Time),413043.0999999941,raisin,1100,I,z,z,,656,456.0,200.0,28,1,2295.29999999702,410747.799999997,7098,raisin,NF,C,406198.0,406198.0,404369.0,405481.0,404369.0,406664.0,405998.0,405998.0,406664.0,106
106,test,1,inc,1,z,Fri Apr 04 2025 12:57:56 GMT-0500 (Central Daylight Time),415309.0999999941,lead,1100,I,z,z,,621,421.0,200.0,40,1,2262.0,413047.0999999941,7098,lime,NF,C,408497.0,408497.0,406668.0,407781.0,406668.0,408930.0,408297.0,408297.0,408930.0,107
107,test,1,inc,1,z,Fri Apr 04 2025 12:57:56 GMT-0500 (Central Daylight Time),417408.5,copper,900,I,z,z,,650,450.0,200.0,30,1,2095.5,415313.0,7098,raisin,NF,C,410563.0,410563.0,408934.0,409848.0,408934.0,411030.0,410363.0,410363.0,411030.0,108
108,test,1,con,1,z,Fri Apr 04 2025 12:57:56 GMT-0500 (Central Daylight Time),419557.69999999553,cherry,900,I,z,z,,710,511.0,199.0,10,1,2145.5,417412.19999999553,7098,cherry,NF,C,412663.0,412663.0,411033.0,411946.0,411034.0,413179.0,412463.0,412463.0,413179.0,109
109,test,1,inc,1,z,Fri Apr 04 2025 12:57:56 GMT-0500 (Central Daylight Time),421590.69999999553,bronze,800,I,z,z,,685,485.0,200.0,5,1,2029.29999999702,419561.3999999985,7098,banana,NF,C,414712.0,414712.0,413182.0,413996.0,413183.0,415212.0,414512.0,414512.0,415212.0,110
110,test,1,inc,1,z,Fri Apr 04 2025 12:57:56 GMT-0500 (Central Daylight Time),424073.0999999941,silver,1000,I,z,z,,932,619.0,313.0,31,1,2478.0999999940395,421595.0,7098,raisin,NF,C,417059.0,417059.0,415216.0,416228.0,415216.0,417694.0,416745.0,416745.0,417694.0,111
111,test,1,inc,1,z,Fri Apr 04 2025 12:57:56 GMT-0500 (Central Daylight Time),426289.19999999553,zinc,1000,I,z,z,,683,483.0,200.0,47,1,2212.39999999851,424076.799999997,7098,pear,NF,C,419427.0,419427.0,417698.0,418711.0,417698.0,419910.0,419227.0,419227.0,419910.0,112
112,test,1,con,1,m,Fri Apr 04 2025 12:57:56 GMT-0500 (Central Daylight Time),428471.69999999553,copper,900,I,m,m,,734,534.0,200.0,74,1,2177.89999999851,426293.799999997,7098,copper,NF,C,421543.0,421543.0,419915.0,420828.0,419915.0,422093.0,421343.0,421343.0,422093.0,113
113,test,1,inc,1,m,Fri Apr 04 2025 12:57:56 GMT-0500 (Central Daylight Time),430404.299999997,banana,800,I,m,m,,594,395.0,199.0,77,1,1929.0,428475.299999997,7098,copper,NF,C,423626.0,423626.0,422096.0,422909.0,422097.0,424025.0,423426.0,423426.0,424025.0,114
114,test,1,inc,1,z,Fri Apr 04 2025 12:57:56 GMT-0500 (Central Daylight Time),432403.69999999553,gold,800,I,z,z,,655,456.0,199.0,45,1,1995.60000000149,430408.0999999941,7098,pear,NF,C,425558.0,425558.0,424029.0,424842.0,424029.0,426025.0,425359.0,425359.0,426025.0,115
115,test,1,con,1,m,Fri Apr 04 2025 12:57:56 GMT-0500 (Central Daylight Time),434402.8999999985,zinc,800,I,m,m,,655,455.0,200.0,113,1,1995.10000000149,432407.799999997,7098,zinc,NF,C,427558.0,427558.0,426029.0,426841.0,426029.0,428024.0,427358.0,427358.0,428024.0,116
116,test,1,inc,1,m,Fri Apr 04 2025 12:57:56 GMT-0500 (Central Daylight Time),436369.0,lime,800,I,m,m,,633,433.0,200.0,125,1,1962.4000000059605,434406.5999999941,7098,lead,NF,C,429557.0,429557.0,428028.0,428841.0,428028.0,429990.0,429357.0,429357.0,429990.0,117
117,test,1,con,1,z,Fri Apr 04 2025 12:57:56 GMT-0500 (Central Daylight Time),438335.19999999553,raisin,800,I,z,z,,626,426.0,200.0,25,1,1962.6999999955297,436372.5,7098,raisin,NF,C,431523.0,431523.0,429994.0,430807.0,429994.0,431956.0,431323.0,431323.0,431956.0,118
118,test,1,inc,1,m,Fri Apr 04 2025 12:57:56 GMT-0500 (Central Daylight Time),440634.5999999941,kiwi,1000,I,m,m,,757,557.0,200.0,127,1,2295.6999999955297,438338.8999999985,7098,lead,NF,C,433689.0,433689.0,431960.0,432973.0,431960.0,434256.0,433489.0,433489.0,434256.0,119
119,test,1,inc,1,z,Fri Apr 04 2025 12:57:56 GMT-0500 (Central Daylight Time),442767.19999999553,zinc,1000,I,z,z,,592,393.0,199.0,55,1,2128.79999999702,440638.3999999985,7098,kiwi,NF,C,435989.0,435989.0,434259.0,435272.0,434260.0,436388.0,435789.0,435789.0,436388.0,120
120,test,1,con,1,z,Fri Apr 04 2025 12:57:56 GMT-0500 (Central Daylight Time),444766.5999999941,kiwi,800,I,z,z,,661,461.0,200.0,49,1,1995.5999999940395,442771.0,7098,kiwi,NF,C,437921.0,437921.0,436392.0,437205.0,436392.0,438388.0,437721.0,437721.0,438388.0,121
121,test,1,con,1,z,Fri Apr 04 2025 12:57:56 GMT-0500 (Central Daylight Time),446978.69999999553,cherry,1000,I,z,z,,677,478.0,199.0,11,1,2208.29999999702,444770.3999999985,7098,cherry,NF,C,440121.0,440121.0,438391.0,439404.0,438392.0,440600.0,439921.0,439921.0,440600.0,122
122,test,1,con,1,m,Fri Apr 04 2025 12:57:56 GMT-0500 (Central Daylight Time),449365.0999999941,gold,1100,I,m,m,,743,544.0,199.0,100,1,2382.6999999955297,446982.3999999985,7098,gold,NF,C,442437.0,442437.0,440603.0,441720.0,440604.0,442986.0,442237.0,442237.0,442986.0,123
123,test,1,con,1,m,Fri Apr 04 2025 12:57:56 GMT-0500 (Central Daylight Time),451681.0999999941,bronze,1100,I,m,m,,667,467.0,200.0,68,1,2312.29999999702,449368.799999997,7098,bronze,NF,C,444819.0,444819.0,442990.0,444103.0,442990.0,445302.0,444619.0,444619.0,445302.0,124
124,test,1,con,1,z,Fri Apr 04 2025 12:57:56 GMT-0500 (Central Daylight Time),453730.3999999985,banana,900,I,z,z,,607,406.0,201.0,2,1,2045.8000000044703,451684.5999999941,7098,banana,NF,C,446936.0,446936.0,445306.0,446219.0,445306.0,447352.0,446735.0,446735.0,447351.0,125
125,test,1,inc,1,z,Fri Apr 04 2025 12:57:56 GMT-0500 (Central Daylight Time),455963.0,zinc,1000,I,z,z,,687,488.0,199.0,39,1,2228.8000000044703,453734.19999999553,7098,lime,NF,C,449085.0,449085.0,447355.0,448368.0,447356.0,449584.0,448885.0,448885.0,449584.0,126
126,test,1,con,1,m,Fri Apr 04 2025 12:57:56 GMT-0500 (Central Daylight Time),458428.799999997,lead,1100,I,m,m,,829,629.0,200.0,124,1,2462.20000000298,455966.5999999941,7098,lead,NF,C,451417.0,451417.0,449588.0,450701.0,449588.0,452050.0,451217.0,451217.0,452050.0,127
127,test,1,con,1,m,Fri Apr 04 2025 12:57:56 GMT-0500 (Central Daylight Time),460428.0,bronze,800,I,m,m,,662,462.0,200.0,65,1,1995.5,458432.5,7098,bronze,NF,C,453583.0,453583.0,452054.0,452867.0,452054.0,454049.0,453383.0,453383.0,454049.0,128
